76223
2159
5108
6281
6255
1042
1558
6468
4047
1131
6112
9469
1865
3579
3045
5224
2440
7688
3334
7643
4138
2260
8181
2158
392
1622
4812
7146
1641
3379
7442
4135
4661
5642
8457
4573
4964
279
2786
6090
2683
3401
9032
1858
371
9917
497
4802
6401
7714
4987
2794
9310
4092
3608
2948
9013
2423
7215
7510
5374
3137
8349
7996
7278
3286
7208
418
1115
1759
4919
5995
521
356
2839
9670
8595
9565
6440
2143
5957
2530
8781
1789
8485
3445
7926
810
6387
4785
7715
9503
3871
4020
9792
5993
6896
2312
6368
3142
1895
8056
7147
1426
2302
8568
7842
6974
3007
8679
9570
4541
4570
5863
2557
3465
5418
9407
2924
3715
8462
5307
2039
9067
4824
4424
8785
2579
3712
8099
8392
6157
3914
5033
2371
9054
3583
2437
681
8741
8546
4856
497
569
3879
5184
838
3502
8698
9194
7473
3515
6896
9694
4097
2066
4179
4627
3230
5758
7005
1226
743
2750
3267
3970
7122
2390
2342
8368
8990
5260
4909
8667
6710
5447
5213
2356
1602
33
649
6614
2273
3908
136
5634
576
4902
4233
3862
9926
5739
5230
2875
5075
7061
1758
5512
2014
2781
3628
1187
750
4947
9680
436
4308
8432
9987
8895
9086
9848
5285
3791
2319
9765
8174
6070
6771
4837
2964
8659
3132
7556
3421
7514
3446
1206
1742
749
830
1488
6665
287
8983
8463
275
5564
815
7229
2530
8979
6126
1301
235
6072
7748
4229
2455
1492
5202
2647
6306
487
425
8485
1010
8472
3531
4609
9257
2341
649
85
5655
10000
6024
1826
6596
66
5595
5806
7623
8206
9970
2664
773
6963
395
6560
8980
3081
5999
223
8462
7417
5102
1726
2043
2629
8353
8836
960
8518
1936
8931
2730
812
2907
564
363
6730
5025
33
1067
6396
9651
7014
8925
7286
6641
3497
9680
2782
3379
2125
5148
9414
9287
6340
8348
104
7923
7608
348
6963
1066
6974
4313
3470
7078
6231
6313
2629
6750
5720
9261
7410
8390
4948
7409
2873
1358
2374
6056
1024
460
1559
6567
7767
6590
9451
8499
6651
633
7665
5133
2435
172
8767
9797
4118
713
8811
1156
7649
3975
8539
2551
2043
1499
7686
4637
8240
8630
7514
343
3821
7622
8333
8044
5741
1490
401
3123
1995
516
9290
8157
6330
5181
494
5470
8389
559
2062
9624
6992
9785
3161
7132
9669
4579
9268
9690
4201
8102
8409
6907
4313
9509
1823
4190
826
6519
7663
5243
3064
9107
9837
4588
967
582
997
7211
7871
9386
8349
4243
7697
3513
5608
2780
21
4694
7230
3049
128
8543
2972
5331
898
1100
9697
7990
747
3278
7966
9133
8174
6931
4138
3087
3698
4447
1421
7025
2694
6857
5622
4285
9679
2664
2756
4312
6297
4177
6168
4064
7417
7737
4523
1018
3073
5151
1641
8060
3764
8336
9553
6741
6930
4743
3873
2900
4183
2435
1748
8634
3048
111
3251
2354
2269
8392
2687
8976
6125
6165
8069
3770
7659
8909
5130
239
5335
4399
7939
7899
413
4446
6763
5613
6100
3246
5778
3001
9084
9594
8351
1304
4369
8829
4613
8111
9546
4299
8470
5849
4011
1892
2993
59
5035
2642
7988
8057
8836
4544
8502
4525
3536
2155
9766
8363
9184
1537
6417
9203
6990
3515
5813
1845
6215
3786
8144
4146
6549
3558
358
6252
2324
160
9217
7197
4536
5385
3951
1847
975
5577
1451
864
1166
540
199
2946
7125
4250
7081
485
4633
8959
305
817
1016
7753
1962
8871
4250
6424
8682
1711
7244
4788
5569
825
5305
265
1122
4494
1675
5222
758
1570
1261
3467
5907
7719
360
5590
3629
8877
5463
9303
8376
3324
2755
8523
6784
8364
9891
9355
1628
2227
1106
887
3878
6962
1890
7966
6613
8196
4409
7071
5651
2713
9066
6588
4217
1330
3229
4485
8192
6306
4053
1830
3946
5066
8422
8905
5784
7123
1673
8097
9432
208
4722
4857
8751
6419
1439
1193
6715
5796
4877
2504
6425
8330
1305
2799
3835
5240
639
5593
8742
1042
2001
7254
5968
9342
5621
2418
8821
709
6042
9021
1416
3593
2681
2383
7081
6130
9415
2356
9141
4488
976
8561
1214
2675
2426
2598
7128
7951
8693
8969
6569
1587
5100
4297
2185
1195
7108
7538
5997
2703
5556
108
8077
1894
9440
1177
8746
6017
3515
8622
2058
3537
6302
8206
3183
9437
9434
1560
5185
5176
2805
8786
1182
3568
7200
4350
8862
6772
3873
5205
9283
1085
7503
7472
9741
1355
1031
2820
5047
4206
9562
5632
8468
34
6848
5882
1156
6545
8230
9836
6077
241
3890
8264
2864
2570
6110
3926
4983
2893
6944
7409
9433
1392
5700
4650
506
9527
9096
7307
9109
1000
3419
3661
3075
9323
7112
4789
6435
2700
7858
4218
6586
9416
4895
8306
7458
4080
8957
8942
5685
7680
3295
6910
3270
7218
6742
6548
3005
1470
558
2387
4968
6954
5513
898
3318
4216
8657
972
4403
2410
40
1813
1992
5488
6746
4375
2759
2215
4633
6053
8461
4732
4804
9566
3198
5460
1382
4388
3485
1398
6163
6326
7995
3523
8985
7940
5603
3656
5061
8683
5743
6052
4064
6389
3597
403
1065
1408
7958
9264
7950
4656
1596
5714
6714
2413
8428
2870
1609
89
5302
4988
6078
9674
2239
9919
8410
1366
3544
227
2908
2085
3723
1251
1236
2211
59
2729
8268
3124
5529
3270
1580
9391
1903
2019
3589
6604
9055
9383
6391
4887
780
8269
3611
2473
27
3379
485
6816
2625
6203
1664
5154
8443
8968
1812
3576
6432
6939
5212
6190
2505
3418
4558
346
9002
753
5103
1309
4270
6087
4256
1451
245
6450
6129
4559
4806
4554
3629
3110
9142
1394
2493
4275
9156
2432
4223
8657
296
4135
3220
8840
5400
2361
7180
119
45
9104
9647
9355
5753
7835
386
2072
8717
4301
8693
4640
259
3072
8342
7373
7475
5699
6494
9060
3270
1159
4826
2019
7635
6163
8180
1872
5254
9740


269
8132
7622
2159
5108
6281
6255
1042
1558
6468
4047
1131
6112
9469
1865
3579
3045
5224
2440
7688
3334
7643
4138
2260
8181
2158
392
1622
4812
7146
1641
3379
7442
4135
4661
5642
8457
4573
4964
279
2786
6090
2683
3401
9032
1858
371
9917
497
4802
6401
7714
4987
2794
9310
4092
3608
2948
9013
2423
7215
7510
5374
3137
8349
7996
7278
3286
7208
418
1115
1759
4919
5995
521
356
2839
9670
8595
9565
6440
2143
5957
2530
8781
1789
8485
3445
7926
810
6387
4785
7715
9503
3871
4020
9792
5993
6896
2312
6368
3142
1895
8056
7147
1426
2302
8568
7842
6974
3007
8679
9570
4541
4570
5863
2557
3465
5418
9407
2924
3715
8462
5307
2039
9067
4824
4424
8785
2579
3712
8099
8392
6157
3914
5033
2371
9054
3583
2437
681
8741
8546
4856
497
569
3879
5184
838
3502
8698
9194
7473
3515
6896
9694
4097
2066
4179
4627
3230
5758
7005
1226
743
2750
3267
3970
7122
2390
2342
8368
8990
5260
4909
8667
6710
5447
5213
2356
1602
33
649
6614
2273
3908
136
5634
576
4902
4233
3862
9926
5739
5230
2875
5075
7061
1758
5512
2014
2781
3628
1187
750
4947
9680
436
4308
8432
9987
8895
9086
9848
5285
3791
2319
9765
8174
6070
6771
4837
2964
8659
3132
7556
3421
7514
3446
1206
1742
749
830
1488
6665
287
8983
8463
275
5564
815
7229
2530
8979
6126
1301
235
6072
7748
4229
2455
1492
5202
2647
6306
487
425
8485
1010
8472
3531
4609
9257
2341
649
85
5655
10000
6024
1826
6596
66
5595
5806
7623
8206
9970
2664
773
6963
395
6560
8980
3081
5999
223
8462
7417
5102
1726
2043
2629
8353
8836
960
8518
1936
8931
2730
812
2907
564
363
6730
5025
33
1067
6396
9651
7014
8925
7286
6641
3497
9680
2782
3379
2125
5148
9414
9287
6340
8348
104
7923
7608
348
6963
1066
6974
4313
3470
7078
6231
6313
2629
6750
5720
9261
7410
8390
4948
7409
2873
1358
2374
6056
1024
460
1559
6567
7767
6590
9451
8499
6651
633
7665
5133
2435
172
8767
9797
4118
713
8811
1156
7649
3975
8539
2551
2043
1499
7686
4637
8240
8630
7514
343
3821
7622
8333
8044
5741
1490
401
3123
1995
516
9290
8157
6330
5181
494
5470
8389
559
2062
9624
6992
9785
3161
7132
9669
4579
9268
9690
4201
8102
8409
6907
4313
9509
1823
4190
826
6519
7663
5243
3064
9107
9837
4588
967
582
997
7211
7871
9386
8349
4243
7697
3513
5608
2780
21
4694
7230
3049
128
8543
2972
5331
898
1100
9697
7990
747
3278
7966
9133
8174
6931
4138
3087
3698
4447
1421
7025
2694
6857
5622
4285
9679
2664
2756
4312
6297
4177
6168
4064
7417
7737
4523
1018
3073
5151
1641
8060
3764
8336
9553
6741
6930
4743
3873
2900
4183
2435
1748
8634
3048
111
3251
2354
2269
8392
2687
8976
6125
6165
8069
3770
7659
8909
5130
239
5335
4399
7939
7899
413
4446
6763
5613
6100
3246
5778
3001
9084
9594
8351
1304
4369
8829
4613
8111
9546
4299
8470
5849
4011
1892
2993
59
5035
2642
7988
8057
8836
4544
8502
4525
3536
2155
9766
8363
9184
1537
6417
9203
6990
3515
5813
1845
6215
3786
8144
4146
6549
3558
358
6252
2324
160
9217
7197
4536
5385
3951
1847
975
5577
1451
864
1166
540
199
2946
7125
4250
7081
485
4633
8959
305
817
1016
7753
1962
8871
4250
6424
8682
1711
7244
4788
5569
825
5305
265
1122
4494
1675
5222
758
1570
1261
3467
5907
7719
360
5590
3629
8877
5463
9303
8376
3324
2755
8523
6784
8364
9891
9355
1628
2227
1106
887
3878
6962
1890
7966
6613
8196
4409
7071
5651
2713
9066
6588
4217
1330
3229
4485
8192
6306
4053
1830
3946
5066
8422
8905
5784
7123
1673
8097
9432
208
4722
4857
8751
6419
1439
1193
6715
5796
4877
2504
6425
8330
1305
2799
3835
5240
639
5593
8742
1042
2001
7254
5968
9342
5621
2418
8821
709
6042
9021
1416
3593
2681
2383
7081
6130
9415
2356
9141
4488
976
8561
1214
2675
2426
2598
7128
7951
8693
8969
6569
1587
5100
4297
2185
1195
7108
7538
5997
2703
5556
108
8077
1894
9440
1177
8746
6017
3515
8622
2058
3537
6302
8206
3183
9437
9434
1560
5185
5176
2805
8786
1182
3568
7200
4350
8862
6772
3873
5205
9283
1085
7503
7472
9741
1355
1031
2820
5047
4206
9562
5632
8468
34
6848
5882
1156
6545
8230
9836
6077
241
3890
8264
2864
2570
6110
3926
4983
2893
6944
7409
9433
1392
5700
4650
506
9527
9096
7307
9109
1000
3419
3661
3075
9323
7112
4789
6435
2700
7858
4218
6586
9416
4895
8306
7458
4080
8957
8942
5685
7680
3295
6910
3270
7218
6742
6548
3005
1470
558
2387
4968
6954
5513
898
3318
4216
8657
972
4403
2410
40
1813
1992
5488
6746
4375
2759
2215
4633
6053
8461
4732
4804
9566
3198
5460
1382
4388
3485
1398
6163
6326
7995
3523
8985
7940
5603
3656
5061
8683
5743
6052
4064
6389
3597
403
1065
1408
7958
9264
7950
4656
1596
5714
6714
2413
8428
2870
1609
89
5302
4988
6078
9674
2239
9919
8410
1366
3544
227
2908
2085
3723
1251
1236
2211
59
2729
8268
3124
5529
3270
1580
9391
1903
2019
3589
6604
9055
9383
6391
4887
780
8269
3611
2473
27
3379
485
6816
2625
6203
1664
5154
8443
8968
1812
3576
6432
6939
5212
6190
2505
3418
4558
346
9002
753
5103
1309
4270
6087
4256
1451
245
6450
6129
4559
4806
4554
3629
3110
9142
1394
2493
4275
9156
2432
4223
8657
296
4135
3220
8840
5400
2361
7180
119
45
9104
9647
9355
5753
7835
386
2072
8717
4301
8693
4640
259
3072
8342
7373
7475
5699
6494
9060
3270
1159
4826
2019
7635
6163
8180
1872
5254
9740

